  17   17  0.553348
  17   27  0.554535
  17   37  0.555492
  17   47  0.555145
  17   57  0.550652
  17   67  0.557839
  17   77  0.552079
  17   87  0.548916
  17   97  0.551927
  17  107  0.548403
  17  117  0.558843
  17  127  0.552385
  17  137  0.545530
  17  147  0.552149
  17  157  0.550700
  17  167  0.548248
  17  177  0.549673
  17  187  0.550294
  17  197  0.545446
  17  207  0.557282
  17  217  0.556759

  27   17  0.581550
  27   27  0.582278
  27   37  0.586368
  27   47  0.588782
  27   57  0.584966
  27   67  0.583739
  27   77  0.586490
  27   87  0.586748
  27   97  0.585438
  27  107  0.582120
  27  117  0.580733
  27  127  0.584167
  27  137  0.576543
  27  147  0.587887
  27  157  0.584193
  27  167  0.586687
  27  177  0.589754
  27  187  0.583413
  27  197  0.581504
  27  207  0.584252
  27  217  0.583177

  37   17  0.614235
  37   27  0.613299
  37   37  0.615020
  37   47  0.611473
  37   57  0.618338
  37   67  0.618337
  37   77  0.617464
  37   87  0.617702
  37   97  0.615775
  37  107  0.616287
  37  117  0.616508
  37  127  0.610766
  37  137  0.614893
  37  147  0.623171
  37  157  0.614315
  37  167  0.615380
  37  177  0.620181
  37  187  0.616068
  37  197  0.610100
  37  207  0.613632
  37  217  0.616444

  47   17  0.646490
  47   27  0.647025
  47   37  0.641892
  47   47  0.650252
  47   57  0.646835
  47   67  0.645588
  47   77  0.648097
  47   87  0.643901
  47   97  0.646942
  47  107  0.645913
  47  117  0.642799
  47  127  0.643226
  47  137  0.648754
  47  147  0.650381
  47  157  0.646616
  47  167  0.647485
  47  177  0.646667
  47  187  0.641921
  47  197  0.642232
  47  207  0.644712
  47  217  0.646267

  57   17  0.680582
  57   27  0.686830
  57   37  0.677620
  57   47  0.674969
  57   57  0.671875
  57   67  0.679709
  57   77  0.680493
  57   87  0.681755
  57   97  0.683886
  57  107  0.670070
  57  117  0.663716
  57  127  0.676277
  57  137  0.681650
  57  147  0.681836
  57  157  0.681733
  57  167  0.680277
  57  177  0.673812
  57  187  0.671962
  57  197  0.672368
  57  207  0.669932
  57  217  0.674256

  67   17  0.707583
  67   27  0.710065
  67   37  0.705873
  67   47  0.707155
  67   57  0.711211
  67   67  0.714800
  67   77  0.710459
  67   87  0.710010
  67   97  0.709979
  67  107  0.710572
  67  117  0.716319
  67  127  0.714659
  67  137  0.713284
  67  147  0.711317
  67  157  0.707026
  67  167  0.708159
  67  177  0.717282
  67  187  0.712400
  67  197  0.704471
  67  207  0.710623
  67  217  0.712511

  77   17  0.744613
  77   27  0.743014
  77   37  0.739682
  77   47  0.737622
  77   57  0.738949
  77   67  0.747546
  77   77  0.745411
  77   87  0.736509
  77   97  0.743270
  77  107  0.737443
  77  117  0.732952
  77  127  0.737127
  77  137  0.740345
  77  147  0.746685
  77  157  0.739275
  77  167  0.736431
  77  177  0.740985
  77  187  0.740483
  77  197  0.742633
  77  207  0.738021
  77  217  0.731659

  87   17  0.773825
  87   27  0.772955
  87   37  0.771044
  87   47  0.765704
  87   57  0.772743
  87   67  0.774150
  87   77  0.769197
  87   87  0.774443
  87   97  0.774574
  87  107  0.770643
  87  117  0.763829
  87  127  0.773047
  87  137  0.776708
  87  147  0.776495
  87  157  0.771145
  87  167  0.767325
  87  177  0.772204
  87  187  0.770962
  87  197  0.773021
  87  207  0.767782
  87  217  0.768432

  97   17  0.799539
  97   27  0.800640
  97   37  0.800803
  97   47  0.803297
  97   57  0.809651
  97   67  0.807164
  97   77  0.806228
  97   87  0.800610
  97   97  0.801858
  97  107  0.803530
  97  117  0.808918
  97  127  0.808814
  97  137  0.800923
  97  147  0.798513
  97  157  0.797669
  97  167  0.799875
  97  177  0.800036
  97  187  0.806447
  97  197  0.801493
  97  207  0.807511
  97  217  0.807991

 107   17  0.833011
 107   27  0.838454
 107   37  0.838840
 107   47  0.836536
 107   57  0.833158
 107   67  0.834514
 107   77  0.838621
 107   87  0.839386
 107   97  0.834306
 107  107  0.835175
 107  117  0.838724
 107  127  0.835569
 107  137  0.833821
 107  147  0.835428
 107  157  0.834429
 107  167  0.831562
 107  177  0.836933
 107  187  0.834395
 107  197  0.835538
 107  207  0.837889
 107  217  0.837167

 117   17  0.862264
 117   27  0.871124
 117   37  0.867070
 117   47  0.863679
 117   57  0.866554
 117   67  0.867538
 117   77  0.871245
 117   87  0.869479
 117   97  0.861986
 117  107  0.865993
 117  117  0.868426
 117  127  0.867871
 117  137  0.866917
 117  147  0.870748
 117  157  0.866110
 117  167  0.863081
 117  177  0.862182
 117  187  0.868221
 117  197  0.868266
 117  207  0.864410
 117  217  0.864317

 127   17  0.897088
 127   27  0.893095
 127   37  0.893993
 127   47  0.898728
 127   57  0.901107
 127   67  0.899678
 127   77  0.898310
 127   87  0.897531
 127   97  0.895952
 127  107  0.898837
 127  117  0.902354
 127  127  0.899442
 127  137  0.899679
 127  147  0.900592
 127  157  0.900821
 127  167  0.901782
 127  177  0.893760
 127  187  0.897239
 127  197  0.898028
 127  207  0.894800
 127  217  0.902306

 137   17  0.924299
 137   27  0.923122
 137   37  0.925847
 137   47  0.928187
 137   57  0.927503
 137   67  0.931440
 137   77  0.939095
 137   87  0.928505
 137   97  0.929077
 137  107  0.930769
 137  117  0.928901
 137  127  0.930242
 137  137  0.928431
 137  147  0.929843
 137  157  0.936084
 137  167  0.926724
 137  177  0.923606
 137  187  0.928542
 137  197  0.930608
 137  207  0.934731
 137  217  0.929722

 147   17  0.965392
 147   27  0.963123
 147   37  0.958617
 147   47  0.957621
 147   57  0.961689
 147   67  0.966576
 147   77  0.963579
 147   87  0.964414
 147   97  0.961424
 147  107  0.964976
 147  117  0.965134
 147  127  0.960695
 147  137  0.960574
 147  147  0.964432
 147  157  0.962170
 147  167  0.964748
 147  177  0.962494
 147  187  0.959460
 147  197  0.959863
 147  207  0.961842
 147  217  0.962607

 157   17  0.995525
 157   27  0.996452
 157   37  0.990112
 157   47  0.992203
 157   57  0.998050
 157   67  0.992641
 157   77  0.990670
 157   87  0.990483
 157   97  0.990741
 157  107  0.990507
 157  117  0.995482
 157  127  0.991365
 157  137  0.990267
 157  147  0.991854
 157  157  0.994802
 157  167  0.995584
 157  177  0.994656
 157  187  0.988382
 157  197  0.990495
 157  207  0.990454
 157  217  0.994860

 167   17  1.029582
 167   27  1.022478
 167   37  1.022653
 167   47  1.024783
 167   57  1.017430
 167   67  1.021236
 167   77  1.026636
 167   87  1.021549
 167   97  1.020121
 167  107  1.022175
 167  117  1.024459
 167  127  1.025049
 167  137  1.022660
 167  147  1.024144
 167  157  1.024956
 167  167  1.014495
 167  177  1.024397
 167  187  1.027637
 167  197  1.024073
 167  207  1.029306
 167  217  1.024663

 177   17  1.055068
 177   27  1.056560
 177   37  1.053485
 177   47  1.056146
 177   57  1.052413
 177   67  1.053337
 177   77  1.058665
 177   87  1.052742
 177   97  1.055201
 177  107  1.059584
 177  117  1.056130
 177  127  1.053579
 177  137  1.055247
 177  147  1.060078
 177  157  1.056795
 177  167  1.052383
 177  177  1.055321
 177  187  1.051866
 177  197  1.051941
 177  207  1.054116
 177  217  1.054913

 187   17  1.084621
 187   27  1.086282
 187   37  1.083435
 187   47  1.084311
 187   57  1.094293
 187   67  1.092714
 187   77  1.090806
 187   87  1.087486
 187   97  1.087110
 187  107  1.092581
 187  117  1.087736
 187  127  1.083063
 187  137  1.086590
 187  147  1.088711
 187  157  1.085218
 187  167  1.089366
 187  177  1.088220
 187  187  1.089666
 187  197  1.089882
 187  207  1.087131
 187  217  1.085532

 197   17  1.118353
 197   27  1.119779
 197   37  1.115345
 197   47  1.116135
 197   57  1.121946
 197   67  1.124109
 197   77  1.121270
 197   87  1.116537
 197   97  1.119939
 197  107  1.119189
 197  117  1.117329
 197  127  1.119475
 197  137  1.126203
 197  147  1.125662
 197  157  1.123126
 197  167  1.121781
 197  177  1.126065
 197  187  1.120328
 197  197  1.116242
 197  207  1.120796
 197  217  1.116989

 207   17  1.152969
 207   27  1.148355
 207   37  1.149234
 207   47  1.148140
 207   57  1.152094
 207   67  1.152005
 207   77  1.148111
 207   87  1.140301
 207   97  1.146634
 207  107  1.150062
 207  117  1.152164
 207  127  1.155370
 207  137  1.156961
 207  147  1.155837
 207  157  1.154763
 207  167  1.157178
 207  177  1.152138
 207  187  1.150879
 207  197  1.153010
 207  207  1.155506
 207  217  1.154964

 217   17  1.188432
 217   27  1.184135
 217   37  1.180427
 217   47  1.181731
 217   57  1.181289
 217   67  1.182821
 217   77  1.182874
 217   87  1.185220
 217   97  1.187452
 217  107  1.179942
 217  117  1.179801
 217  127  1.184432
 217  137  1.185350
 217  147  1.182937
 217  157  1.178159
 217  167  1.182508
 217  177  1.184162
 217  187  1.183387
 217  197  1.183562
 217  207  1.181066
 217  217  1.183740

 227   17  1.212456
 227   27  1.210905
 227   37  1.211108
 227   47  1.207251
 227   57  1.211576
 227   67  1.209681
 227   77  1.222135
 227   87  1.216519
 227   97  1.212878
 227  107  1.210461
 227  117  1.208787
 227  127  1.209210
 227  137  1.211640
 227  147  1.210848
 227  157  1.212037
 227  167  1.211607
 227  177  1.210206
 227  187  1.211875
 227  197  1.216555
 227  207  1.216732
 227  217  1.211355

 237   17  1.248595
 237   27  1.244599
 237   37  1.241584
 237   47  1.247476
 237   57  1.244058
 237   67  1.245626
 237   77  1.240570
 237   87  1.241755
 237   97  1.245114
 237  107  1.249017
 237  117  1.245716
 237  127  1.239888
 237  137  1.242084
 237  147  1.248741
 237  157  1.245606
 237  167  1.244020
 237  177  1.245446
 237  187  1.248243
 237  197  1.246182
 237  207  1.243260
 237  217  1.244301

 247   17  1.278850
 247   27  1.273859
 247   37  1.277078
 247   47  1.274477
 247   57  1.269373
 247   67  1.273411
 247   77  1.272722
 247   87  1.272745
 247   97  1.277425
 247  107  1.285493
 247  117  1.280179
 247  127  1.272670
 247  137  1.270392
 247  147  1.274809
 247  157  1.272836
 247  167  1.277051
 247  177  1.277456
 247  187  1.280434
 247  197  1.275420
 247  207  1.279948
 247  217  1.277929

 257   17  1.306033
 257   27  1.311505
 257   37  1.310247
 257   47  1.307776
 257   57  1.309903
 257   67  1.305537
 257   77  1.300120
 257   87  1.301767
 257   97  1.308345
 257  107  1.302856
 257  117  1.305785
 257  127  1.308528
 257  137  1.305298
 257  147  1.303721
 257  157  1.304189
 257  167  1.307974
 257  177  1.309709
 257  187  1.313476
 257  197  1.308901
 257  207  1.305552
 257  217  1.310319

 267   17  1.344329
 267   27  1.339649
 267   37  1.339530
 267   47  1.336874
 267   57  1.343712
 267   67  1.338367
 267   77  1.340669
 267   87  1.339586
 267   97  1.332837
 267  107  1.337727
 267  117  1.344714
 267  127  1.342906
 267  137  1.343780
 267  147  1.336509
 267  157  1.340227
 267  167  1.342308
 267  177  1.333893
 267  187  1.338502
 267  197  1.337784
 267  207  1.334386
 267  217  1.337031

 277   17  1.375754
 277   27  1.369192
 277   37  1.367807
 277   47  1.369588
 277   57  1.372699
 277   67  1.372878
 277   77  1.369730
 277   87  1.370303
 277   97  1.373774
 277  107  1.372621
 277  117  1.369305
 277  127  1.370017
 277  137  1.368051
 277  147  1.368654
 277  157  1.369546
 277  167  1.366052
 277  177  1.366601
 277  187  1.367156
 277  197  1.377004
 277  207  1.371153
 277  217  1.370957

 287   17  1.405114
 287   27  1.400962
 287   37  1.398525
 287   47  1.399204
 287   57  1.398454
 287   67  1.400781
 287   77  1.403572
 287   87  1.397235
 287   97  1.396157
 287  107  1.395827
 287  117  1.396652
 287  127  1.396410
 287  137  1.398814
 287  147  1.401802
 287  157  1.402674
 287  167  1.403776
 287  177  1.400059
 287  187  1.400216
 287  197  1.401825
 287  207  1.398956
 287  217  1.403225

 297   17  1.430653
 297   27  1.429418
 297   37  1.434302
 297   47  1.437227
 297   57  1.428057
 297   67  1.430095
 297   77  1.436369
 297   87  1.431343
 297   97  1.430359
 297  107  1.426990
 297  117  1.427605
 297  127  1.435439
 297  137  1.433426
 297  147  1.434605
 297  157  1.432667
 297  167  1.430721
 297  177  1.429536
 297  187  1.426092
 297  197  1.430139
 297  207  1.434368
 297  217  1.431914

